29	486
0	378
0	175
0	532
0	1113
0	1934
0	2547
21	727
2	2539
4	1998
0	2872
3	170
9	842
13	2118
0	489
4	2114
0	643
0	1224
0	1597
4	894
4	203
3	654
4	1117
11	1930
7	174
13	2828
11	171
34	8
16	515
4	2692
0	1330
1	1444
1	1135
0	1708
0	1895
3	1234
1	2033
0	2065
0	2630
45	61
13	585
12	727
35	123
0	55
0	636
0	1441
0	1814
0	2395
4	924
0	2176
0	2805
11	1701
9	1539
0	369
0	166
0	747
1	1683
0	1104
0	1925
4	35
19	1922
4	2551
21	2377
9	184
0	2879
11	83
0	480
0	853
0	666
0	1231
0	1588
3	288
0	2990
37	2092
9	9
15	2460
14	367
0	415
0	964
0	1289
2	1016
0	1699
0	1918
4	321
0	2653
36	739
9	922
9	557
13	13
0	14
0	627
0	1464
2	875
0	2029
0	2386
4	464
1	1326
18	2129
45	764
9	1470
35	2611
13	1268
0	328
0	189
0	738
0	1111
0	1948
0	2497
3	623
23	286
5	164
2	442
3	152
0	2870
1	1375
4	1980
30	1431
0	487
0	812
0	657
0	1222
0	1547
0	2160
0	2981
4	1432
14	2537
13	181
0	406
0	987
0	1280
37	586
0	1722
2	1011
4	2247
0	2287
4	1234
0	2644
28	2025
46	941
14	1030
16	827
29	2156
0	586
0	1471
1	137
0	2020
24	726
0	2206
18	2120
4	1377
45	757
0	2345
3	455
25	3
35	2127
35	1666
0	2755
45	2924
1	908
0	335
0	761
0	1070
18	409
5	1031
4	17
3	1067
0	2520
0	2829
12	2738
29	716
35	2441
17	1036
13	488
0	510
0	803
36	95
0	1245
0	1384
0	1538
4	160
4	1789
0	2167
9	718
13	2498
13	174
0	109
0	978
0	1287
0	1868
0	1713
4	1018
4	311
0	2278
26	267
1	2280
0	2603
30	89
14	1033
13	1173
0	577
18	1376
0	2043
0	2336
0	2197
0	2778
3	121
48	1033
18	400
0	139
0	752
0	1061
20	326
3	134
4	24
3	1040
0	326
6	369
45	895
0	2527
0	2820
29	48
0	501
0	826
0	1391
0	1236
0	1561
5	1425
0	2126
0	2995
4	1073
9	60
45	912
29	1291
11	1405
0	100
0	937
0	1859
0	1672
4	993
22	384
24	2015
4	1216
0	2594
13	2806
9	576
0	19
0	600
0	2034
4	571
41	823
4	461
0	2343
0	2769
11	603
28	896
13	1620
0	349
0	130
0	759
0	1084
0	1633
1	926
3	578
0	2518
0	2843
38	2312
3	1049
3	2914
9	2037
13	282
13	1136
0	460
0	817
0	1382
0	1195
0	1552
4	2093
0	2117
6	1048
4	1080
5	2233
9	1862
35	1061
0	123
0	928
0	1301
0	1882
0	1679
2	521
0	2617
4	1906
4	1000
9	483
7	792
13	1788
11	2049
13	1362
0	234
0	607
0	1412
0	2366
0	2915
4	1374
5	925
40	2522
13	1048
0	340
0	153
0	718
0	1075
0	1656
0	2477
18	79
0	2834
1	2926
9	221
29	1388
9	656
13	701
0	451
0	776
0	1405
37	66
0	1559
0	2140
0	2945
4	1770
3	1634
47	25
13	526
0	114
0	935
0	1516
0	1873
0	1670
0	2251
0	2608
4	1206
45	478
13	42
13	1781
13	1355
0	225
0	598
0	1435
0	1984
3	108
4	102
3	1014
0	2357
0	2735
21	1531
11	28
13	443
0	299
0	144
1	595
0	1034
0	1663
0	2468
4	2956
13	2453
10	2568
18	268
0	474
0	1396
0	1209
0	1774
36	1989
0	2131
5	18
0	783
4	1745
35	1865
0	73
0	1507
0	1832
0	1693
0	2242
0	2615
1	1515
11	1066
13	1348
0	248
1	238
2	276
38	1802
0	2316
37	1479
4	442
0	2726
2	2157
0	1991
4	2039
13	436
29	2298
0	290
0	151
0	732
0	1025
0	1654
3	226
0	2491
36	606
6	776
24	1159
13	2446
48	30
11	98
29	20
0	465
0	774
0	1355
0	1200
1	453
0	1765
0	2090
3	1181
0	2975
9	531
35	162
0	64
0	949
18	1324
0	1839
0	1684
3	384
0	2265
3	2406
0	1530
0	2574
13	2416
13	1202
13	1405
0	255
24	2156
0	1129
0	2014
0	2307
1	2443
4	417
0	548
0	2749
0	2888
29	561
11	10
47	214
13	994
48	2628
0	313
1	429
0	723
0	878
2	158
0	1048
0	2482
4	2511
4	1933
2	2071
11	724
35	1597
0	424
0	797
0	1346
0	1207
0	1788
4	829
3	719
0	2081
1	478
29	1650
4	2049
0	2966
11	232
0	71
1	335
0	908
18	858
1	1509
3	50
4	281
0	2256
0	1830
21	2472
0	1521
9	613
29	271
13	1195
0	246
0	571
0	1120
24	2163
3	67
4	518
44	1499
1	645
4	1330
0	2740
4	83
0	2330
13	422
13	1649
0	304
0	869
0	682
0	1055
0	1604
36	25
1	2365
0	2441
4	226
30	140
0	431
1	471
0	1369
0	1166
0	1779
0	2104
18	1573
0	2669
4	2056
11	1597
0	788
13	2321
29	812
11	225
4	1742
48	2255
13	1310
1	669
0	899
0	1480
0	1853
0	2402
0	2263
1	2271
0	2588
11	1508
9	622
35	1280
0	205
0	562
0	1127
0	1964
24	270
4	407
3	978
4	1337
0	2699
13	2088
0	2886
45	1513
0	311
18	481
1	98
0	673
0	1046
0	1627
4	668
5	229
4	1574
22	1229
0	2432
7	76
11	137
0	422
0	1003
0	1360
0	1157
18	1564
0	1738
0	2111
13	555
14	1675
0	85
0	922
0	1487
18	131
0	2425
0	2222
0	2579
13	2565
7	882
47	427
0	196
0	521
0	1150
0	1955
18	18
24	277
4	65
0	2536
0	2690
0	2909
13	1635
0	270
0	883
0	696
0	1261
0	1618
4	667
5	1555
19	827
0	2439
11	1889
18	363
0	994
0	1367
0	1180
0	445
0	1729
0	2102
0	2683
18	2733
5	714
13	548
13	239
35	1441
11	2454
0	913
0	1478
0	1803
0	2416
0	2213
0	2794
5	603
11	1720
0	219
0	512
0	1141
0	1978
4	755
1	536
24	209
0	2713
0	2543
0	2900
11	509
13	1063
0	261
0	842
0	703
0	1252
0	1577
4	642
4	223
1	2304
1	966
0	2462
3	1105
0	436
0	1017
0	1326
0	1171
0	1752
0	2061
0	2674
24	2031
4	366
9	125
11	2039
13	2929
29	354
15	1362
0	616
0	1501
0	1794
21	152
0	2236
0	2423
1	171
4	1159
38	1860
7	864
0	2785
12	698
13	1231
0	365
0	210
0	519
0	1100
37	1517
0	1969
0	2534
4	2673
0	2704
1	1556
0	2859
11	664
11	47
13	458
1	991
0	833
24	2302
0	1275
0	2453
4	198
3	643
13	144
0	395
0	1008
0	1317
18	1523
36	1625
4	792
4	341
0	1759
25	1000
0	1898
0	2052
11	1459
19	515
3	349
13	598
0	2633
1	761
1	172
0	1492
0	623
0	1817
0	2227
3	929
4	1841
0	2382
0	2808
4	594
1	2957
13	1597
29	2765
0	356
0	169
0	542
0	1091
0	1928
3	164
0	2850
0	2711
0	2557
13	2945
9	1307
0	275
0	856
0	653
0	1266
1	1252
24	2245
4	205
4	1562
0	1575
37	792
9	30
15	16
0	386
0	1015
0	1340
0	1889
0	1750
4	775
3	793
6	551
4	1254
3	1260
9	111
3	1699
9	1269
0	2075
13	591
0	2624
13	1701
0	49
0	614
0	1808
3	28
0	2186
3	934
4	1848
24	1057
0	2373
6	950
0	2815
0	379
0	160
0	533
0	1114
0	1935
5	1067
4	744
24	956
1	1689
0	2548
0	2873
10	268
13	2117
9	2109
13	1927
0	490
0	863
0	644
0	1225
1	1277
2	1388
0	1598
0	2147
2	79
3	2030
4	2115
0	2984
35	1027
18	792
19	90
0	1331
1	1134
4	782
0	1709
5	83
0	1912
9	477
1	2032
0	2066
4	347
13	19
35	122
0	8
0	637
0	1442
0	1815
0	2396
0	2177
11	965
0	370
0	167
0	748
1	47
0	1105
0	1926
18	1159
4	1657
0	2864
35	2001
13	501
0	481
0	854
0	667
0	1216
37	1641
18	2220
0	2170
5	203
4	1093
0	2991
13	1809
4	2700
0	1290
0	1919
0	1700
0	2281
4	322
0	2654
9	921
0	15
0	628
0	1465
0	2030
3	10
0	2200
4	465
0	2387
4	2583
9	343
0	329
0	190
0	739
0	1064
1	1374
0	1949
3	622
4	1632
0	2498
0	2871
4	2978
29	1159
29	61
13	664
11	2242
0	504
0	813
0	658
18	580
0	1548
42	623
5	1657
5	2328
26	2569
24	2266
13	180
13	383
17	1179
0	1281
0	1910
0	1723
0	2272
5	1930
0	2645
9	1256
29	788
14	1031
16	828
0	6
0	587
38	578
0	1456
0	2021
0	2207
0	2346
0	2756
3	1831
4	1378
18	2121
11	556
45	2923
0	320
18	406
0	762
0	1071
0	1940
0	2521
4	18
5	172
3	128
4	1956
9	169
0	2830
25	1797
1	2842
45	1691
13	657
0	511
0	804
18	297
0	1246
0	1385
0	1539
0	2120
4	1099
5	648
29	892
13	173
35	128
0	110
0	979
0	1304
0	1869
1	1137
0	1714
3	885
36	1073
0	2279
0	2604
13	62
35	17
0	29
0	1463
0	2044
0	2337
0	2198
3	898
18	1377
4	1385
0	2779
45	184
45	1539
9	1589
13	1626
0	327
0	140
1	50
0	1062
0	753
4	716
4	25
3	604
3	137
44	2303
46	1475
0	1643
0	2512
11	121
13	650
0	2821
28	135
0	502
0	1376
0	1237
0	1562
0	2127
4	168
5	1643
4	1074
3	1994
0	2996
29	1290
29	885
13	166
13	369
13	1479
0	101
0	938
0	1311
1	1415
18	1481
0	1860
4	994
4	1908
0	2595
0	2302
0	182
29	1467
16	1483
18	1859
0	20
0	601
36	872
0	2035
0	2360
40	1473
4	462
5	472
3	1813
0	2770
3	1374
13	392
0	350
0	131
0	712
0	1085
4	2626
0	2519
0	2844
28	158
11	126
13	1135
0	461
0	818
0	1383
0	1196
0	1553
4	2094
4	858
0	2118
22	1159
0	2955
9	1202
11	207
13	532
0	124
0	929
0	1302
0	1883
2	400
0	2293
4	294
4	1907
3	428
0	2618
4	1001
3	1677
9	1750
13	1158
0	235
0	1413
0	1994
0	2916
0	2729
4	1794
11	595
11	429
14	1419
0	154
1	12
0	1076
0	719
38	966
0	1657
0	2478
4	1518
11	1878
14	2139
13	700
0	452
0	777
0	1406
0	1187
0	1768
0	2141
4	158
2	2417
1	458
0	2946
1	1067
45	2499
0	115
1	688
0	1874
0	1671
1	1425
24	121
0	2252
0	2609
11	2217
9	958
3	405
29	291
1	759
13	41
0	226
0	599
0	1436
0	1985
0	2358
0	2939
0	2720
3	1356
24	1629
18	1671
13	1605
0	300
0	145
1	594
0	710
0	1035
24	1005
0	1648
22	1789
18	1702
0	2469
5	347
1	1736
9	664
13	693
0	475
0	768
0	1397
0	1210
0	1775
0	2132
0	2969
5	17
9	1911
35	978
0	74
0	959
0	1508
0	1833
0	1694
4	991
0	2243
21	1613
11	1069
9	634
45	1953
13	34
13	1347
0	249
0	558
0	1427
0	2008
3	84
4	110
21	669
24	1700
2	277
1	1872
5	1709
0	2930
14	1429
29	2297
0	291
1	992
0	733
0	1026
1	30
4	672
4	253
5	137
3	1474
36	607
0	2492
40	2819
7	1530
11	101
5	1123
14	1913
13	1462
0	466
0	775
0	1356
18	1434
0	1766
0	2091
0	1201
4	1753
1	1061
2	458
13	2899
0	2960
16	135
47	2938
0	65
0	950
0	1531
4	2218
1	1110
3	387
4	966
0	1685
4	1189
0	2266
0	1824
0	2575
35	50
0	240
0	549
36	345
24	2157
0	1130
0	2889
4	418
24	246
0	2750
35	2072
13	428
13	1655
0	314
18	492
0	879
0	724
0	1614
4	687
18	953
0	2483
1	2835
9	1373
14	2092
0	798
1	477
0	1160
0	1789
1	1611
3	718
18	2292
4	1053
2	2394
45	545
9	539
0	88
0	909
2	372
0	1831
4	624
0	2412
0	2566
24	804
0	2257
29	1069
10	33
29	963
29	1432
13	1194
14	776
0	247
0	572
20	845
0	1121
1	1301
4	92
0	2006
0	2331
4	425
48	190
14	582
0	305
0	870
0	683
13	1083
0	1605
0	1040
1	2364
30	141
32	252
0	416
0	789
0	1370
0	1167
0	1780
4	805
0	2105
0	2670
0	900
1	1802
0	1854
5	2070
0	2403
0	2589
0	1481
29	1425
13	2401
11	2085
0	206
0	563
0	1144
1	240
0	1965
24	271
4	400
2	1717
4	1338
22	302
0	2322
4	2029
0	2887
9	1969
13	1076
0	264
3	2129
0	674
0	1047
0	1628
0	2433
4	234
4	1575
43	490
0	893
27	2649
0	423
0	1004
0	1361
0	1158
0	1739
5	1519
0	2096
0	2661
4	1027
28	1024
24	1367
9	1240
45	1908
34	90
0	86
0	923
0	1472
19	1778
0	1845
0	2426
5	1995
0	2223
0	2580
1	2668
0	197
0	522
0	1151
0	1956
4	757
0	2537
4	415
5	279
8	5
29	1893
4	1313
0	2910
9	1613
34	828
0	884
0	1262
2	104
0	1619
4	209
43	1353
1	1168
3	2037
46	97
11	762
0	446
0	995
0	1320
0	1181
0	1730
0	2103
1	2239
0	2684
4	2303
9	416
13	2732
13	238
0	45
0	914
0	1479
5	2072
38	2015
0	2214
0	2795
4	954
0	1804
29	1080
46	142
11	533
30	1784
35	46
0	220
0	513
29	2448
0	1979
18	2358
4	73
0	2528
0	2714
0	2901
29	1918
1	2137
0	262
0	843
0	688
0	1253
18	925
3	198
0	1578
0	2463
3	1575
7	189
9	678
9	19
13	289
0	437
1	886
0	1327
0	1172
0	1018
4	786
0	2062
0	2675
4	1265
1	1050
13	604
0	36
0	617
0	1795
18	2005
0	2237
0	2376
0	2786
13	2614
13	941
0	366
0	211
0	536
18	718
0	1101
4	763
4	48
0	2535
5	1779
0	2705
0	2860
29	1186
45	1491
13	1940
0	285
0	834
0	695
1	990
0	1276
3	207
4	199
0	1569
0	2454
4	1446
9	20
7	513
13	2840
13	143
0	396
0	1009
0	1318
0	1899
0	1744
0	2053
4	342
0	2634
1	1448
18	1981
45	404
29	378
11	2439
0	59
0	608
18	694
0	1493
0	1818
0	2228
0	2383
0	2809
1	1497
28	483
29	2764
0	357
0	170
36	537
0	1092
0	1929
18	124
0	2558
24	950
0	2851
29	742
14	2155
0	276
0	857
0	654
18	1061
0	1592
0	1267
0	2157
3	1557
7	179
45	380
0	387
0	968
40	1104
0	1341
0	1751
0	1890
4	349
0	2076
21	1113
0	2625
36	892
28	331
35	1367
13	1338
0	50
0	615
0	1452
1	1490
4	602
1	164
0	2187
3	31
0	2374
0	1809
0	2800
11	568
1	959
0	161
0	534
0	1115
0	380
0	2549
0	1920
23	177
9	1283
45	1711
29	405
0	491
0	848
0	645
0	1226
40	850
0	1599
0	2148
24	2253
0	2985
9	6
0	410
0	975
1	268
0	1332
0	1710
0	2067
4	2259
0	2648
0	1913
13	2768
11	1053
48	438
13	583
13	18
35	125
0	9
18	223
0	638
16	660
0	1443
4	926
14	846
24	2102
5	958
0	2397
0	2807
14	1566
0	371
0	184
18	110
0	749
0	1106
4	720
4	45
3	616
0	1927
1	1348
1	2546
0	2865
29	35
0	482
0	855
0	668
0	1217
0	1590
0	2171
0	2976
13	186
35	1035
0	966
0	1291
38	761
4	1014
0	2282
3	435
0	2655
13	2761
26	263
11	1497
13	2399
15	1457
13	1750
13	1889
15	150
0	0
0	629
0	1466
0	2031
0	2388
0	2201
4	466
3	2393
2	316
9	342
1	2650
5	492
13	412
0	330
0	191
0	740
0	1065
1	39
4	735
3	593
4	20
0	1950
0	2499
0	2824
24	907
11	647
4	1291
35	1187
0	505
0	814
0	659
0	1240
0	1549
0	2162
0	2983
0	104
0	1282
8	2874
0	1724
4	1021
3	783
38	334
0	2646
29	1586
0	2273
13	2189
28	336
29	787
13	633
0	7
0	588
0	1457
0	2022
4	567
0	2192
0	2347
18	666
0	2757
11	559
45	2922
18	407
0	321
0	763
0	1056
1	56
4	710
39	111
3	1069
0	1941
3	1975
1	1366
7	973
3	131
0	2831
13	656
13	859
0	496
0	805
1	819
0	1386
0	1540
4	853
26	1392
5	60
0	2121
4	1409
37	1562
8	1414
32	827
0	111
0	980
0	1305
0	1870
1	1136
1	2010
3	884
0	2605
13	2182
28	1589
0	30
0	579
1	128
0	1416
18	200
4	907
0	2045
19	660
0	2199
0	2338
0	344
0	141
0	754
0	1063
0	1644
0	2513
4	26
4	1623
4	1964
5	367
0	1377
40	846
0	1238
1	1557
0	2112
0	1563
0	2997
9	757
29	884
17	2046
12	614
0	102
0	939
0	1296
0	1861
0	1674
18	1939
0	2596
4	1909
13	2804
32	508
0	21
0	602
0	1423
0	2036
0	2361
21	2479
4	463
24	1616
30	1584
0	351
0	132
0	713
18	82
0	1086
0	1635
3	580
0	2472
4	1630
4	1504
1	10
0	2845
35	1110
45	2488
11	2280
0	462
4	2095
0	1400
0	1197
0	1554
0	2119
0	819
13	1134
9	1201
29	184
13	222
13	361
0	930
0	1303
1	1439
0	1665
0	1884
0	2294
21	1423
5	522
11	1643
11	1086
2	986
0	2619
4	295
13	612
29	2464
0	236
0	593
0	1414
38	1443
0	2352
1	146
0	2730
0	2917
45	1087
0	342
0	155
0	704
0	1077
0	1658
4	691
0	2836
13	699
0	453
0	778
0	1407
0	1188
1	1066
0	1769
0	2142
4	834
5	1628
0	2947
10	2091
13	1837
0	116
0	953
1	695
0	1875
0	1688
0	1518
4	302
24	122
0	2253
4	977
9	957
11	1079
46	282
13	40
14	1621
13	1779
13	1353
0	227
0	552
0	1437
0	1986
0	2359
4	96
1	2146
36	927
3	110
4	445
13	2050
0	2721
28	912
0	301
0	146
0	711
18	507
0	1649
24	1006
0	2470
4	1612
0	1036
27	2057
0	476
0	769
0	1398
0	1211
0	1760
3	268
0	2133
0	2970
0	75
0	944
5	2106
0	1834
0	1695
0	2244
4	984
4	1215
13	918
13	1346
0	250
0	559
0	1428
0	2009
2	274
0	2318
8	1152
0	2744
5	909
3	2775
0	2931
47	203
11	474
29	2296
0	292
0	873
0	734
0	1027
0	1608
0	2493
4	254
29	18
13	888
14	1918
11	2335
0	792
0	1357
0	1202
0	1767
0	2092
0	2961
5	724
29	856
13	1887
14	290
0	66
0	951
0	1532
0	1825
0	1686
4	2219
0	2560
29	969
0	241
18	39
0	550
0	2000
4	537
24	2158
0	2309
0	1131
5	1014
0	2751
0	2890
11	633
45	1631
11	2183
0	315
0	864
0	725
0	1050
0	1615
0	2484
18	2863
11	726
45	1211
11	2881
0	426
0	799
0	1161
0	1790
1	1610
4	372
0	2664
4	1054
4	831
46	1366
13	2326
1	2219
0	2083
0	89
1	666
0	910
0	1848
4	625
0	1523
0	2258
38	1963
0	2413
3	52
0	2567
9	619
45	1373
31	994
0	200
0	573
20	846
0	1122
3	69
4	93
0	2007
0	2332
4	1340
11	1764
0	2742
48	191
13	420
12	871
0	306
0	871
0	684
0	1041
4	1142
11	719
31	693
0	417
0	790
0	1371
0	1781
3	355
5	1968
3	1165
0	2671
10	1008
29	1972
9	437
14	2471
29	149
0	80
0	901
0	1482
1	1801
0	1855
1	326
0	2217
0	2404
43	857
0	2590
11	1107
9	620
13	76
0	207
0	564
0	1145
0	1966
0	2323
24	272
4	68
4	401
6	437
3	513
0	2701
8	1205
13	477
0	265
1	445
0	675
37	1601
0	1629
0	2434
0	440
0	1005
0	1362
0	1159
0	1740
0	2097
24	633
30	4
0	87
36	811
0	924
0	1473
18	2016
0	2208
0	2427
0	2581
7	876
0	198
0	523
0	1136
1	2857
22	253
4	408
0	2911
8	6
9	152
13	2143
0	2692
0	256
0	885
0	698
0	1263
0	1620
5	1094
4	210
0	2457
1	121
9	1399
45	1190
11	2363
0	447
0	996
0	1321
0	1182
1	892
4	788
4	353
0	2056
5	125
0	2685
45	417
11	273
0	46
0	915
0	1496
0	1805
4	2191
0	2215
3	949
21	1470
4	1178
0	2796
0	360
0	221
0	514
0	1980
4	765
3	184
0	2529
4	2012
0	2715
0	2902
14	1401
11	2844
0	263
0	844
0	689
0	1254
0	1579
0	2448
6	664
29	2030
30	696
13	288
14	971
0	438
1	885
0	1019
0	1173
1	1049
4	787
0	1312
3	342
43	1246
0	1754
0	2063
0	2676
7	1127
4	1701
0	37
37	1306
0	1503
0	1796
18	2463
0	2238
0	2787
4	1844
24	769
11	1094
13	2240
9	1773
11	359
13	119
0	367
0	212
0	1102
0	2861
4	398
4	2011
0	2706
3	1877
11	666
11	500
0	286
0	835
1	989
0	648
0	1570
18	606
0	2455
0	1277
13	2020
13	1455
0	397
0	1010
0	1319
0	1900
0	1745
0	2054
4	343
22	932
1	846
0	2635
6	1940
47	1671
29	782
13	31
0	60
0	609
0	1494
0	1819
0	2368
0	2229
4	486
2	336
24	776
1	1813
1	2678
0	2810
0	358
0	171
0	528
18	710
0	1093
4	739
4	56
36	538
3	1415
0	2559
0	2852
13	449
0	277
0	858
1	76
0	1268
0	1593
36	1325
3	650
4	207
9	727
0	969
0	1342
0	1891
0	1704
0	2626
4	1707
13	589
0	51
0	632
0	1453
0	1810
3	30
0	2188
3	936
0	2801
0	2375
17	1421
11	2169
0	381
0	162
0	535
19	309
0	1116
0	1921
0	2875
4	1660
4	39
11	482
13	815
0	492
0	849
0	646
1	69
0	1227
1	1267
0	1584
0	2149
0	2986
13	128
34	7
13	1814
0	411
0	960
0	1333
37	10
0	1711
0	2068
24	17
24	604
4	1263
0	2649
0	1914
48	439
35	124
0	10
0	639
0	2398
0	2179
4	468
45	75
47	342
13	983
33	1324
0	372
0	185
0	750
0	1107
0	1944
0	2509
0	2866
3	1086
3	1525
11	84
9	2815
0	483
0	808
0	669
0	1218
0	1591
38	453
3	760
0	2172
0	2977
11	1924
14	1171
14	370
0	967
0	1292
0	1905
0	1702
4	1015
0	2283
3	1244
0	2640
13	2760
45	1300
31	1727
31	1724
0	1
0	630
0	1467
0	2016
0	2389
3	451
4	467
24	135
3	1824
0	2202
18	672
0	2767
11	387
13	411
0	331
18	102
0	176
0	741
0	1066
0	1951
4	21
1	2506
0	2825
20	2500
9	166
35	1647
0	506
0	815
0	1241
0	1550
24	571
0	2163
9	714
13	2502
11	791
13	381
0	105
0	990
0	1283
0	1864
0	1725
4	2242
0	2647
4	1664
1	2047
4	1245
9	896
11	868
14	1029
28	2967
0	24
0	589
0	1458
18	667
0	2023
0	2348
4	474
24	1603
18	2554
0	2758
29	462
15	1651
45	2921
0	322
0	183
1	63
0	764
1	897
18	404
0	1942
3	1068
0	2523
4	711
0	2816
4	2528
13	655
0	497
0	806
21	2078
0	1232
0	1541
0	2122
3	275
4	1077
30	2329
45	351
11	780
0	96
0	981
0	1306
0	1871
1	1143
0	1716
24	102
0	2297
0	2606
4	2249
4	1679
14	800
0	31
0	580
0	1417
0	2046
24	875
1	135
0	2781
0	2920
13	2070
29	593
0	345
0	142
0	755
0	1080
0	1645
0	2514
4	27
0	2823
14	2127
0	456
0	829
0	1378
0	1239
1	1247
3	2660
4	170
4	1767
3	1657
26	91
1	2421
22	20
29	883
13	164
13	367
30	2024
0	103
0	940
0	1297
1	1096
0	2288
0	1675
3	892
0	2597
13	2803
29	1465
35	453
0	22
0	603
0	1408
0	2037
0	2362
4	115
0	2772
0	2927
24	1030
11	604
7	1223
9	1129
30	1585
0	336
2	1494
0	714
0	1087
0	1636
21	70
3	240
0	2473
5	343
6	367
4	1505
23	664
0	2846
47	625
7	2286
0	463
0	820
0	1401
0	1198
1	1232
18	994
4	145
0	2136
18	2190
2	2420
19	16
32	2662
29	183
0	126
0	931
0	1512
18	885
0	1666
0	2295
0	1885
0	2620
18	168
9	480
13	2231
32	1811
13	1156
0	237
0	594
18	59
0	1996
0	2353
4	122
0	1415
0	2731
4	1369
9	369
0	2918
29	547
0	343
0	156
0	705
0	1078
0	1659
1	1781
0	2837
9	661
13	698
34	1537
18	316
0	454
0	779
0	1392
0	1189
38	280
0	1770
0	2143
0	2948
4	1058
11	1554
16	592
0	117
0	954
21	2645
0	1876
0	1689
2	978
0	2254
4	303
0	2611
14	143
13	1352
0	228
0	553
1	234
0	1438
0	1987
0	2941
1	2145
4	1803
0	2722
9	1947
11	17
45	2328
29	2302
0	302
0	147
0	728
0	1037
0	1650
0	2471
4	240
5	345
4	1495
35	2045
0	477
0	770
0	1399
0	1212
0	1761
0	2134
3	706
1	449
0	2971
11	255
35	1866
29	137
0	76
0	945
0	1510
1	1829
0	1680
0	1835
4	2258
21	1424
11	1071
13	917
13	32
34	592
0	251
0	544
1	568
0	1429
1	1878
38	1801
4	531
24	316
0	2319
3	2466
3	1802
0	2745
0	2932
29	427
11	2050
13	1031
0	293
1	425
0	874
0	1028
0	1609
36	22
0	2494
3	1137
22	65
4	1502
0	468
0	793
0	1358
0	1203
0	1784
1	791
0	2962
4	1755
29	130
14	1088
17	887
13	1886
3	2330
0	1533
0	1826
0	1687
0	2268
0	2561
4	1191
29	968
28	395
35	52
0	242
0	551
0	1132
0	2001
4	538
24	2159
0	2310
2	234
38	926
37	1816
29	1219
24	846
0	2891
0	316
0	726
0	1051
0	1600
5	240
11	2880
0	427
0	784
0	1349
0	1162
0	1791
0	2084
0	2665
3	1159
3	1626
9	70
13	2325
11	237
16	299
13	1676
0	911
0	1524
0	1849
0	2414
24	667
0	2584
22	2031
9	284
29	268
11	378
0	201
1	253
0	1123
0	574
20	847
3	68
4	94
4	513
0	1960
0	2333
21	856
9	1531
0	2882
13	419
0	307
0	888
0	685
0	1042
0	1607
0	2444
14	1187
0	791
0	1372
0	1153
0	1782
0	2107
4	380
3	1164
3	1603
0	2656
29	1971
9	514
13	2883
5	709
0	81
0	902
0	1483
37	1721
0	1840
3	499
0	2405
39	1521
0	2591
18	848
45	116
35	34
0	192
0	565
0	1146
0	1967
24	273
4	402
0	2702
4	1316
3	1889
0	2905
0	266
0	895
0	676
0	1257
0	1630
0	2435
4	212
3	657
1	2880
9	698
13	301
0	441
0	1006
0	1363
0	1176
18	1563
0	1741
4	379
24	47
0	2098
5	2375
3	363
21	904
0	2663
21	477
13	2940
13	1726
14	873
0	40
0	925
0	1474
37	253
3	37
0	2209
0	2428
0	2582
0	1847
13	2562
18	17
0	524
1	207
0	1958
0	199
0	1137
4	409
24	205
4	1315
0	2539
0	2693
48	174
29	68
0	2896
13	778
29	2267
0	257
0	886
1	120
0	1248
19	828
0	2458
4	2154
4	1576
4	1125
4	1458
0	699
5	2954
0	432
0	997
0	1322
36	716
0	1183
0	2057
4	354
0	2686
38	2074
18	2728
24	577
3	807
33	312
35	1017
0	47
0	916
1	343
0	1497
0	1806
1	1818
4	497
0	2232
5	1196
0	2419
9	970
29	609
0	2797
4	932
0	361
0	222
1	541
0	1981
0	2530
0	2903
3	965
0	2716
38	2867
0	280
0	845
0	690
0	1255
0	1580
0	2449
1	113
4	1465
13	2845
48	52
11	184
12	1910
0	439
0	1313
0	1174
1	1048
0	1755
0	2048
4	1702
0	2677
10	112
29	820
9	565
0	38
0	1488
0	1797
3	19
0	2239
3	957
4	1845
4	1154
0	2378
0	2788
2	342
9	1113
45	1344
0	352
0	213
1	931
0	1103
1	1399
0	1972
0	2553
4	399
23	189
0	2707
9	137
5	1868
46	6
11	503
30	273
17	441
0	287
0	836
0	649
0	1278
0	1571
4	884
0	2152
1	1597
4	1440
15	1250
0	1011
0	1336
0	1901
0	1746
0	2055
0	2636
13	2780
45	967
13	2354
13	30
48	2286
0	61
0	610
0	1495
0	1820
0	2369
22	788
1	161
4	1852
3	1740
29	1757
9	1557
34	299
13	1594
0	359
18	122
0	529
4	2317
0	1931
0	2544
21	714
0	1094
0	2853
4	1304
24	365
11	492
13	448
0	278
0	859
0	640
0	1269
0	1594
4	883
3	653
4	2570
1	67
45	1733
13	134
30	892
0	389
0	970
0	1343
18	339
0	1705
0	1892
0	2078
0	2627
4	351
13	588
29	2973
0	52
0	633
0	1454
0	1811
0	2392
24	709
0	2189
4	580
24	1060
0	2802
11	961
11	2741
13	1278
0	382
0	163
0	744
0	1117
40	1392
8	1999
24	959
0	2876
9	846
28	619
11	485
29	403
11	2818
46	2642
18	315
0	493
0	850
0	1228
0	647
0	2150
4	183
43	449
5	666
3	2003
0	1585
13	2515
0	2987
11	175
13	1066
0	412
0	961
0	1334
4	2269
0	1696
0	2069
0	1915
7	827
9	2377
35	127
0	11
0	624
0	1445
0	2026
0	2399
0	2180
4	469
1	2631
4	1407
3	477
3	912
11	966
0	373
0	186
1	633
0	751
0	1108
18	1154
4	47
0	1945
0	2510
4	1294
0	2867
28	1283
13	807
0	484
0	809
0	670
0	1219
0	1544
4	865
0	2173
18	584
43	1907
9	13
11	164
13	184
12	896
0	403
0	984
0	1293
0	1703
0	2284
41	522
4	333
0	2641
18	709
29	1122
45	50
29	792
31	532
12	714
0	2
0	631
0	1468
1	1314
0	2390
0	2203
4	2411
18	212
8	66
29	1704
18	673
0	2752
17	2717
0	332
0	177
0	742
0	1067
0	1936
1	37
4	22
24	1847
2	2082
4	1525
22	168
4	2554
0	2826
0	507
0	800
36	92
0	661
0	1551
0	2164
42	1357
45	922
45	357
1	628
11	221
0	106
0	991
0	1284
0	1726
3	442
0	2275
5	66
5	541
14	741
0	25
0	590
0	1459
18	207
1	1904
0	2040
3	926
5	1816
5	1266
0	2349
5	942
28	20
4	561
0	2759
0	323
0	136
1	62
0	1058
0	1943
4	704
18	405
4	1642
0	2524
6	370
0	765
0	2817
11	69
0	498
0	1388
0	1233
0	1542
0	2123
1	1554
5	58
0	2992
4	1411
9	63
24	1239
3	1990
13	543
13	373
14	950
0	982
1	277
0	1856
0	1717
0	2298
0	2607
9	904
29	341
14	187
0	16
0	581
0	1418
0	2047
4	568
2	268
1	2077
0	2340
0	2782
11	1740
5	2133
4	2137
0	346
0	143
0	756
0	1081
0	1646
0	2515
4	4
4	1617
6	800
21	1373
11	122
11	2862
0	457
0	830
0	1379
1	778
0	1565
4	862
1	509
2	667
4	2082
45	343
47	23
0	120
0	941
0	1298
0	1863
0	1676
0	2289
0	2598
5	1326
3	1673
44	324
29	1464
9	580
0	23
0	604
1	724
0	1409
0	2038
4	124
21	2552
3	908
0	2912
11	1733
0	337
0	134
0	715
0	1072
1	1779
4	694
3	243
3	1053
4	1624
0	2474
5	342
0	2847
18	1208
0	448
1	502
0	1402
0	1199
0	1556
0	2137
0	2958
3	1194
4	1060
12	210
24	2464
0	127
0	932
1	359
0	1513
0	2248
1	2571
0	2621
9	487
13	2230
9	589
29	1563
7	1653
14	1616
0	238
0	595
0	1432
0	1997
1	144
4	123
0	2919
3	1823
16	1561
14	52
0	296
0	157
0	706
0	1079
0	1660
0	2465
4	10
0	2838
3	1497
13	697
0	455
0	780
0	1393
0	1190
1	1637
0	1771
4	844
0	2128
0	2949
7	252
13	1835
0	118
0	955
0	1877
0	1690
18	1612
24	124
0	2612
3	1783
0	2255
13	2223
11	342
13	1351
0	229
0	554
0	1439
0	1988
0	2313
0	2942
0	2723
29	465
13	1602
29	2301
0	303
0	148
0	729
0	1038
4	2952
3	225
21	514
8	1920
3	1035
4	1488
0	2488
29	1377
29	23
13	690
35	1587
0	478
0	771
0	1352
0	1213
0	1762
0	2135
4	128
5	30
4	1066
3	2650
0	2972
45	2723
14	1715
34	53
0	77
0	946
1	1828
0	1836
0	1681
38	533
0	2246
0	1511
4	1209
4	986
4	279
29	1411
1	575
0	545
0	252
1	226
0	1430
0	2304
0	2746
3	1462
1	2486
0	2933
0	2011
11	2813
0	294
36	23
0	720
0	1029
0	1610
0	2495
4	248
4	2508
3	230
4	1503
1	1734
29	677
14	1916
13	1431
0	469
0	794
0	1359
0	1204
0	1785
0	2963
4	1732
14	1089
13	1885
0	68
0	905
0	1534
0	1827
1	647
3	388
0	2408
0	2562
21	135
45	694
0	2269
4	286
9	941
16	324
0	243
1	251
0	568
0	1133
0	2002
24	2160
0	2311
0	2737
4	1335
3	1906
13	2098
0	2892
0	317
0	866
0	727
0	1052
0	1601
3	239
0	2486
41	1403
5	330
4	2593
45	856
0	428
0	785
0	1350
0	1163
0	1776
18	2291
0	2666
4	1731
0	2085
35	1422
0	896
0	1525
0	1850
0	2415
0	2260
4	2585
0	575
0	1124
0	1961
0	2334
4	95
4	404
21	871
0	2696
32	1530
14	581
0	308
0	889
0	686
0	1043
36	466
0	2445
4	238
3	1150
4	657
11	148
0	419
36	735
0	1373
0	1154
5	2178
0	2108
4	381
0	2657
4	1738
13	2743
29	1970
13	2317
35	84
0	82
1	657
0	903
0	1484
0	2219
4	951
0	2576
28	1211
13	959
13	74
13	1387
0	193
0	566
0	1147
0	1952
4	521
24	274
4	403
21	250
36	2086
21	1307
0	2703
0	2906
11	60
0	267
0	880
0	677
0	1258
0	1631
3	221
38	1154
19	1561
3	1594
38	429
0	2436
28	1798
13	2485
13	300
0	442
0	1007
0	1364
0	1177
0	1742
0	2099
25	2194
2	466
4	356
38	102
11	282
13	551
41	2162
0	926
0	1475
0	1800
24	821
0	2210
0	2429
3	1285
0	2583
2	2266
13	2252
4	609
11	363
0	216
0	525
0	1138
0	1959
0	2540
2	244
4	410
3	991
4	2007
0	2694
0	2897
24	932
34	827
0	258
0	887
0	700
0	1249
0	1622
0	2459
1	2904
4	1577
21	1242
5	234
13	154
11	2365
0	433
0	998
0	1323
0	1168
0	1733
0	2058
18	2268
0	2687
9	421
7	1128
35	1016
0	32
0	917
0	1498
1	342
0	1807
4	2185
4	498
0	2233
38	253
0	2420
24	753
0	2798
0	362
1	937
0	516
0	1097
0	1982
0	2531
4	52
1	1405
39	1399
4	1323
0	2856
9	135
38	1956
0	281
0	846
0	691
0	1272
0	1581
38	778
36	2235
0	2450
6	1109
3	203
34	1922
35	1040
0	392
0	1021
0	1314
0	1175
0	1756
4	2273
24	62
4	1703
0	2049
45	408
13	2360
13	1285
0	39
1	175
0	1489
0	1798
20	42
3	18
22	327
4	1846
6	13
0	620
0	2224
11	1717
0	2379
0	2789
0	353
0	214
1	216
0	539
1	533
4	742
4	51
0	1973
5	1061
4	1298
0	2554
0	2708
32	593
0	272
0	837
0	650
0	1279
18	604
0	1572
4	194
0	2153
4	1108
4	885
3	1553
3	647
29	2397
0	399
0	1012
0	1337
0	1902
0	1747
0	2072
2	1906
3	1259
0	2637
18	802
27	16
13	1907
13	1342
0	611
0	1448
0	1821
4	606
5	1181
0	2231
0	2370
4	2431
18	2452
0	2812
11	1137
0	376
0	173
0	530
0	1095
0	1932
0	2545
1	2533
0	2854
0	279
0	860
0	641
0	1270
0	1595
3	313
0	2144
6	648
24	2324
21	1269
4	892
13	133
30	893
0	390
0	971
0	1328
0	1893
0	1706
0	2079
4	344
1	2183
37	2753
13	2772
45	394
35	121
0	53
0	634
0	1455
0	1812
4	914
3	471
0	2190
29	1024
46	166
0	383
0	164
0	745
0	1118
0	1923
0	2504
3	612
0	2877
4	1280
26	210
29	2238
18	312
0	494
0	664
0	851
0	1586
0	2151
0	1229
3	1096
0	2988
24	1219
13	2514
13	329
35	145
0	413
0	962
4	2689
0	1916
0	1697
4	778
4	327
0	2651
0	1335
13	2339
35	126
0	12
0	625
1	719
0	2027
0	2384
0	2181
0	2762
11	1017
13	981
0	374
0	187
0	736
0	1109
0	1946
24	2216
38	935
0	2511
0	2868
4	1970
9	163
35	2005
0	485
0	810
0	671
0	1220
0	1545
8	1606
4	866
0	2174
3	762
4	2809
0	2979
28	293
13	183
0	985
0	1294
1	282
0	1907
8	1130
4	334
0	2642
28	1141
13	2193
4	1232
5	1933
14	852
0	3
0	584
0	1469
0	2018
0	2391
3	453
1	2050
0	2204
29	1703
13	2274
34	309
0	333
0	178
0	743
0	1068
18	561
0	1937
4	23
0	2827
2	2083
11	1838
9	895
29	718
11	79
14	2115
9	164
35	1188
28	1728
0	508
0	801
0	662
0	1243
0	1536
36	93
0	2165
4	2442
3	2213
13	2500
9	2679
13	1489
4	2935
1	275
0	976
0	1285
0	1866
3	445
4	1016
0	2276
0	2601
38	184
45	1291
13	1
0	26
0	591
0	1460
18	1839
0	2041
0	2195
0	2350
9	294
4	2387
0	2776
0	324
0	137
0	766
1	61
0	1059
0	1640
3	603
4	1643
2	2106
0	2525
3	1509
4	30
11	68
13	653
16	9
0	499
0	824
0	1389
0	1234
0	1543
0	2124
1	507
5	57
24	1379
0	2993
30	2023
0	98
1	2015
0	1857
0	1718
0	2299
0	2592
0	1308
45	2202
4	2156
29	2475
0	17
0	582
0	1419
0	2032
2	269
0	2341
0	2783
9	792
48	882
11	2768
14	668
0	347
1	579
0	757
0	1082
0	1647
0	2516
4	1618
0	458
0	831
0	1380
0	1193
3	282
45	907
10	1736
11	202
47	22
30	832
0	2431
0	121
0	942
0	1299
0	1880
0	1677
0	2290
3	427
0	2599
4	1229
1	698
29	1100
4	315
13	51
13	1364
0	232
0	605
0	1410
0	2039
24	884
4	125
24	158
31	1342
4	1372
20	2412
0	2774
0	2913
11	424
24	2577
0	338
0	135
0	1073
0	1638
4	695
0	2475
4	1625
5	154
3	585
0	2832
27	1922
13	703
13	1131
0	449
0	822
0	1403
0	1184
0	1557
0	2138
11	2285
2	2418
0	2959
0	112
0	933
0	1514
0	1887
0	1668
0	2249
0	2622
24	1504
9	588
13	44
1	556
0	596
3	2486
18	642
0	2355
0	1433
36	862
0	2936
43	662
29	545
48	864
0	297
0	158
0	707
0	1032
0	1661
3	251
4	702
0	2839
13	696
30	803
0	472
0	781
0	1394
0	1191
0	1772
2	1931
0	2129
0	2950
13	1695
0	119
0	956
0	1505
18	161
0	1691
4	988
4	297
21	2456
18	2070
0	2240
0	2613
16	1922
13	1350
0	230
0	555
1	232
3	83
0	2314
0	2724
0	2943
29	464
13	1003
16	2695
29	2300
0	288
0	149
0	730
0	1039
0	1652
36	1001
4	242
3	695
21	1399
0	2489
29	1376
1	322
13	892
14	1914
0	479
0	772
1	1930
0	1214
0	1763
4	820
0	2088
0	1353
0	78
0	947
0	1528
0	1837
0	1682
4	2898
0	2572
4	272
13	2215
14	1571
1	59
0	253
0	546
1	225
24	2154
0	2305
4	106
0	1431
0	2747
0	2934
13	1029
0	295
0	876
0	721
1	18
0	1030
0	1611
0	2480
45	1780
11	153
14	1917
13	1430
0	470
0	795
0	1344
1	1923
0	1786
0	2095
0	1205
4	1733
0	2964
9	67
13	2895
13	198
13	1884
0	69
0	906
0	1535
1	1511
0	2409
0	2270
4	962
0	2563
7	439
10	34
13	908
0	244
0	569
24	2161
1	1296
0	2003
1	1709
0	1134
0	2738
4	1328
0	2328
11	1207
13	2097
0	2893
0	318
0	867
0	680
18	949
0	1602
0	1053
4	224
2	155
1	1021
0	2487
29	232
9	2479
11	158
0	429
0	786
1	1924
0	1164
0	1777
4	375
0	2667
13	2323
9	1893
45	1225
14	1666
0	2814
0	92
0	897
0	1526
0	1851
3	57
24	669
0	2261
0	2400
4	1192
0	2586
27	943
20	727
14	2386
0	203
0	560
0	1125
0	1962
0	2335
3	541
4	405
4	2348
1	2439
0	2697
18	742
0	2884
29	112
9	1607
0	890
0	687
0	1044
5	2507
16	90
0	420
0	1001
0	1374
0	1155
37	97
0	1736
4	382
0	2658
9	442
13	2316
13	1667
0	83
1	347
0	920
0	1485
0	1842
18	846
0	2407
45	679
13	958
14	105
0	194
1	244
0	1148
0	1953
4	522
24	275
3	79
38	83
0	567
0	2326
0	2688
0	2907
13	2968
13	474
45	2426
0	268
0	881
0	678
20	1568
3	2133
4	665
38	1790
0	2437
18	474
4	1461
2	1159
11	761
35	1125
0	443
0	992
0	1365
0	1178
0	1743
0	2100
18	365
0	2681
36	521
45	421
13	2309
13	550
13	241
14	193
34	515
0	42
0	927
0	1476
0	1801
3	39
4	2179
0	2211
0	2430
4	1182
0	2792
9	1434
13	66
0	217
0	526
0	1139
0	1976
4	753
0	2541
1	205
0	2695
4	1325
3	2862
11	507
30	293
9	2052
12	1373
16	1199
0	259
0	840
0	701
0	2460
4	221
4	1578
11	2364
0	434
0	999
0	1324
0	1169
0	1734
0	2059
4	364
0	2672
1	292
9	562
48	979
7	2557
0	33
0	918
0	1792
4	617
0	2234
0	2799
4	1864
0	363
0	208
0	517
18	6
0	1098
0	1983
0	2532
0	2718
12	2377
29	1189
35	364
0	282
0	847
0	692
0	1273
0	1582
1	119
0	2451
29	641
13	1459
0	393
0	1022
0	1315
1	1451
0	1757
0	1896
4	363
5	99
0	2050
13	600
13	1710
11	2600
13	1284
0	56
0	621
1	763
0	1799
4	592
22	787
1	2085
4	1847
0	2225
0	2380
13	2610
0	2790
13	937
29	2767
0	354
0	215
0	540
3	2885
0	1974
0	2555
0	2848
0	2709
4	1990
5	2462
29	415
35	277
0	273
0	838
0	651
0	1264
0	1573
1	72
47	2049
24	546
4	2573
4	1442
30	891
13	2017
21	253
0	384
0	1013
0	1338
0	1903
0	1748
4	773
18	342
0	2073
3	791
0	2638
5	2736
13	28
35	1001
0	63
18	233
0	1449
1	1501
4	607
43	1426
36	1749
0	1822
0	2184
0	2371
0	377
18	120
0	531
0	174
0	1112
3	171
4	59
2	2538
0	2546
0	1933
5	2439
11	1217
0	2855
0	488
0	861
0	642
0	1271
0	1596
4	2113
6	2478
0	2145
3	655
4	1449
0	391
0	972
0	1329
0	1894
0	1707
0	2064
4	345
39	1087
3	796
0	2629
13	2771
13	21
3	2994
14	843
0	54
0	635
18	1398
1	1494
24	786
0	1813
0	2191
1	184
0	2394
45	1456
31	1627
0	368
0	165
0	746
0	1119
0	1924
0	2505
4	2550
6	753
3	144
4	1281
4	1663
0	2878
0	495
0	852
0	665
0	1230
0	1587
4	868
0	2168
0	2989
13	2822
11	1367
17	2680
11	161
29	215
3	2982
0	414
1	861
0	1288
0	963
0	1698
0	2071
0	2652
4	2271
9	1249
13	579
0	13
1	718
0	1447
0	2028
0	2385
24	2106
0	2763
3	2543
14	648
0	375
0	188
0	737
0	1110
1	34
0	2496
18	106
0	1947
3	1526
0	2869
46	1636
9	1288
45	1700
13	666
0	486
18	1021
1	83
0	1221
0	1546
0	2175
0	656
0	2980
5	641
11	1356
1	522
13	182
14	369
13	1804
1	854
0	986
0	1295
0	405
18	1497
0	1908
3	778
21	2170
0	2643
45	48
0	4
0	585
0	2019
3	113
0	2205
0	2344
0	2754
4	1376
39	1993
29	604
11	388
45	2925
0	334
0	179
0	760
19	324
0	1069
38	991
0	1938
1	909
23	195
3	1535
0	2503
4	2532
14	2112
11	78
13	1151
0	509
0	802
0	663
1	481
0	1244
0	1537
36	94
0	2166
3	2212
13	175
30	855
13	378
18	186
0	977
0	1286
0	1867
0	1712
4	1017
0	2277
0	2602
13	2388
45	1290
30	88
14	1032
0	27
0	576
0	1461
0	2042
0	2351
0	2196
4	453
0	2777
11	445
35	786
13	1628
0	325
0	138
1	60
0	1060
0	767
0	1641
3	602
0	2526
4	706
6	368
11	1830
9	871
16	1264
0	825
0	1390
0	1235
0	1560
0	2125
13	541
0	99
0	936
0	1309
1	363
0	1858
0	1719
0	2300
0	2593
25	1578
11	1028
11	926
13	622
13	1370
0	18
0	583
0	1420
1	1330
0	2033
4	119
4	460
0	2342
24	291
0	2768
34	324
0	348
0	129
0	758
0	1083
0	1632
18	394
4	6
4	1619
4	1960
0	2517
3	1046
8	193
29	10
12	70
29	2177
0	816
0	1381
1	499
0	1567
4	856
4	149
21	614
0	2116
9	403
0	2953
11	205
18	172
0	122
0	1300
0	1881
0	1678
0	2291
4	292
0	2616
4	1230
0	943
7	2501
0	233
0	1411
0	1992
4	545
4	459
11	593
29	914
11	427
13	1049
0	339
0	152
0	717
0	1074
0	1639
1	1188
0	2476
0	2833
3	1490
4	688
0	450
0	823
0	1404
0	1185
0	1558
0	2139
3	258
3	1196
2	2419
0	2944
4	839
13	527
0	113
0	934
0	1515
0	1872
0	1669
0	2250
24	119
4	291
5	1301
0	2623
9	485
38	375
11	339
13	43
3	2489
0	597
0	1434
0	1999
0	2356
4	101
4	434
0	2734
0	2937
13	1009
13	1042
0	298
0	159
0	708
0	1033
0	1662
0	2467
21	1816
24	1215
45	875
13	695
0	473
0	782
0	1395
0	1208
0	1773
0	2130
0	2951
4	1069
29	1633
11	251
45	1245
0	72
0	1506
0	1879
0	1692
0	2241
5	2025
0	2614
11	1067
29	1117
9	1730
13	1775
13	1210
13	1349
0	231
0	556
1	239
0	1990
0	2315
0	2928
4	441
0	2725
2	2156
3	1020
11	18
29	2299
0	289
0	731
0	1024
0	1653
4	678
4	243
0	2490
5	326
23	252
3	227
1	2841
14	1915
0	464
0	773
0	1354
0	1215
0	1764
4	821
0	2974
5	28
21	1068
29	1658
36	1432
7	1033
29	134
31	166
13	1687
13	1826
45	2156
0	79
0	948
0	1529
0	1838
0	1683
0	2264
0	2573
4	273
11	2670
14	149
0	254
0	547
24	2155
0	2013
0	2306
3	558
4	416
4	2367
4	1354
0	1128
0	2748
0	312
0	877
0	722
0	1031
0	1612
0	2481
5	1593
3	232
22	68
13	2440
13	681
31	1535
0	471
0	796
0	1345
0	1787
0	2080
4	137
4	1734
0	2965
13	2691
45	547
0	70
0	907
1	328
1	1510
4	630
0	1520
0	2271
0	2410
4	1186
7	438
0	2564
11	326
13	86
13	1196
0	245
0	570
24	2162
0	2004
0	2329
4	82
0	2739
0	2894
45	709
29	1216
14	2811
29	417
13	423
0	319
1	1020
0	681
36	24
2	709
0	1054
0	868
0	2440
0	1603
9	250
9	653
11	1904
0	430
0	787
0	1368
2	478
0	1165
0	2087
22	462
0	2668
1	1073
13	563
14	244
0	93
0	898
0	1527
0	1852
0	2401
0	2262
0	2587
4	263
18	139
13	2264
9	623
11	1509
14	2387
32	1421
0	204
1	242
0	1126
0	561
0	1963
24	269
4	406
0	2320
0	2698
5	1690
13	2089
11	626
11	57
13	1643
0	310
0	891
0	672
0	1045
1	440
0	2447
21	539
4	232
5	689
9	1353
29	224
13	305
0	421
0	1002
0	1375
0	1156
0	1737
0	2110
4	383
0	2659
9	1242
0	84
0	1486
0	1843
0	2424
3	500
0	2221
1	2257
6	30
0	2578
4	1883
9	1424
4	270
29	258
4	709
0	195
0	520
0	1149
0	1954
3	78
24	276
4	413
24	201
4	1319
0	2327
11	1188
1	2463
0	2908
11	453
13	473
14	1956
13	1071
0	269
0	882
0	679
1	974
0	1617
4	666
4	215
3	1129
5	698
4	1462
29	1816
0	2438
42	920
13	2483
14	1762
0	444
0	993
36	1578
0	1179
0	1728
0	2101
5	1957
34	447
0	2682
4	809
29	1524
13	2308
13	240
0	43
1	339
0	912
0	1477
0	1802
4	952
0	2212
26	656
4	1183
5	604
21	1457
9	1433
9	1068
0	2793
28	856
30	1786
0	218
0	527
0	1140
0	1977
4	754
3	522
0	2542
4	79
4	1326
0	2712
11	506
12	1374
13	1064
0	260
0	841
0	702
0	1251
1	125
0	2461
0	1576
21	1240
1	1259
28	1362
11	132
0	435
1	315
0	1016
0	1170
0	1735
1	1028
4	365
0	2060
18	2727
48	980
16	2612
0	34
1	737
0	919
0	1500
4	618
3	47
0	1793
2	1188
0	2422
24	168
1	1474
5	2773
11	991
0	2784
0	364
0	209
0	518
0	1099
0	1968
5	1082
3	2440
3	966
0	2533
0	2719
0	2858
11	1234
9	856
11	44
0	283
0	693
0	1274
0	1583
0	2452
23	1980
3	1111
3	2017
9	1404
9	2640
16	533
0	394
0	1023
37	1205
18	1522
1	1053
4	799
4	340
5	98
0	1758
0	1897
0	2051
3	1252
0	2632
47	1841
13	599
13	226
17	1286
0	57
0	622
0	1491
0	1816
4	593
0	2226
3	958
0	2381
1	762
11	1719
0	2791
13	115
29	2766
0	355
0	168
0	541
0	1090
19	299
0	2556
0	2849
0	2710
4	1991
4	1308
29	744
29	83
34	158
0	274
0	839
0	652
2	1428
0	1574
1	79
4	204
3	1555
4	1110
7	177
34	1947
0	385
0	1014
0	1339
0	1888
0	1749
0	2074
0	2639
5	107
4	774
3	1696
30	125
0	48
0	613
0	1450
0	1823
0	2372
0	2185
3	935
29	1754
